start=2331.579250
volume=50.000000
fullscreen=yes
aid=1
vid=1
sid=2
sub-pos=86
